  # Each of the unique seeds made to prevent value tying.
module Mineshift
  module Seeds
    COLOR                 = 0.111123_f32
    BLOCK_SPACING         = 0.283673_f32
    CENTER_MASK_DEVIATION = 0.834728_f32
    BRIDGE_HEIGHT         =  0.83772_f32
    BRIDGE_ANGLE          =  0.34134_f32

    BEAM            =   0.66262_f32
    BEAM_SIDE       =   0.76792_f32
    BEAM_HEIGHT     =  0.111728_f32
    BEAM_LENGTH     =  0.872653_f32
    BEAM_SEGMENTS   =  0.225632_f32
    BEAM_SHORT_SIDE = 0.5727312_f32
    BEAM_THICKNESS  =  0.612617_f32

    WINDOW_EXIST           =  0.22467311_f32
    WINDOW_TYPE      = 0.3652563_f32
    WINDOW_SUBDIVIDE =  0.381922_f32
    OUTER_WINDOW = 0.178290_f32

    OUTER_WINDOW_TYPE               = 0.002372_f32
    INNER_WINDOW_TYPE               = 0.332231_f32

    WINDOW_STRUT =  0.11111_f32
    WINDOW_STRUT_PARTS_NUMBER =  0.20302_f32
    WINDOW_STRUT_PARTS        =  0.38128_f32
    WINDOW_CENTER        =  0.637223_f32

    ROPE = 0.76772891_f32
    ROPE_THICKNESS = 0.17231_f32
    ROPE_LENGTH = 0.192288_f32

    FAN_EXISTS = 0.982922_f32
  end
end